  985.0    171   34.4   24.4     56  20.00    120     10  308.9  370.1  312.6
  978.0    239   33.0   22.0     52  17.35    121     11  308.1  360.9  311.3
  959.0    424   30.8   20.8     55  16.41    123     13  307.6  357.5  310.6
  940.1    610   29.5   20.0     57  15.95    125     16  308.0  356.6  310.9
  925.0    762   28.4   19.4     58  15.58    135     13  308.3  355.8  311.2
  909.2    914   27.0   18.4     59  14.92    145     10  308.5  353.9  311.2
  886.0   1143   25.0   17.0     61  13.95    156     10  308.6  351.2  311.2
  878.4   1219   24.3   16.8     63  13.85    160     10  308.7  351.0  311.3
  850.0   1506   21.8   15.8     69  13.46    190     12  309.0  350.1  311.5
  827.0   1744   19.6   15.6     78  13.66    205     10  309.1  350.8  311.6
  818.9   1829   19.1   14.9     77  13.20    210      9  309.4  349.8  311.8
  795.0   2083   17.4   12.9     75  11.90    235     12  310.2  346.9  312.4
  790.3   2134   17.3   11.5     69  10.88    240     13  310.6  344.2  312.7
  779.0   2257   17.0    8.0     55   8.71    254     14  311.6  338.8  313.2
  762.6   2438   15.7    7.2     57   8.42    275     16  312.1  338.5  313.7
  743.0   2659   14.2    6.2     59   8.06    293     17  312.8  338.1  314.3
  735.7   2743   13.7    4.1     52   7.02    300     17  313.2  335.4  314.5
  734.0   2762   13.6    3.6     51   6.80    302     17  313.2  334.8  314.5
  709.4   3048   11.6    0.9     48   5.78    335     22  314.1  332.6  315.2
  700.0   3160   10.8   -0.2     47   5.42    335     23  314.4  331.8  315.4
  688.0   3304    9.8   -3.2     40   4.41    336     25  314.9  329.2  315.7
  669.0   3536    9.0  -16.0     15   1.65    339     28  316.5  322.2  316.8
  659.2   3658    8.3  -20.0     11   1.19    340     29  317.1  321.3  317.3
  643.0   3863    7.2  -26.8      7   0.67    340     30  318.1  320.5  318.2
  635.1   3962    6.4  -27.0      7   0.66    340     30  318.3  320.8  318.4
  611.5   4267    4.1  -27.5      8   0.66    335     29  319.1  321.5  319.2
  566.9   4877   -0.5  -28.6     10   0.64    330     26  320.6  323.0  320.7
  542.0   5239   -3.3  -29.3     11   0.63    335     27  321.5  323.8  321.6
  512.0   5686   -7.5  -23.5     27   1.13    342     28  321.6  325.7  321.9
  500.0   5870   -8.9  -29.9     16   0.64    345     28  322.1  324.5  322.2
  499.0   5885   -9.1  -31.1     15   0.58    345     28  322.1  324.2  322.2
  485.5   6096  -10.9  -30.1     19   0.65    345     30  322.4  324.8  322.5
  471.0   6329  -12.9  -28.9     25   0.75    349     30  322.7  325.5  322.9
  466.5   6401  -13.1  -32.1     19   0.56    350     30  323.3  325.4  323.4
  462.0   6475  -13.3  -35.3     14   0.41    347     30  324.0  325.6  324.1
  456.0   6575  -14.3  -34.3     17   0.46    343     31  324.0  325.7  324.1
  437.0   6897  -14.7  -44.7      6   0.16    331     33  327.4  328.1  327.4
  413.4   7315  -17.4  -48.3      5   0.12    315     35  329.2  329.6  329.2
  411.0   7358  -17.7  -48.7      5   0.11    316     35  329.3  329.8  329.4
  400.0   7560  -19.7  -52.7      4   0.07    320     34  329.3  329.6  329.3
  396.7   7620  -20.2  -53.0      4   0.07    320     33  329.4  329.7  329.4
  321.5   9144  -32.8  -61.9      4   0.03    325     34  332.4  332.5  332.4
  320.0   9178  -33.1  -62.1      4   0.03    325     34  332.4  332.6  332.4
  300.0   9630  -36.1  -65.1      3   0.02    320     33  334.4  334.5  334.4
  273.0  10278  -40.1  -61.1      9   0.04    307     36  337.7  337.9  337.7
  250.0  10870  -45.9  -62.9     13   0.03    295     38  337.7  337.8  337.7
  246.0  10977  -47.1  -63.1     14   0.03    294     39  337.5  337.6  337.5
  234.9  11278  -49.6  -62.8     20   0.03    290     42  338.2  338.4  338.2
  230.0  11417  -50.7  -62.7     23   0.04    291     43  338.5  338.7  338.5
  207.0  12093  -56.7  -67.7     24   0.02    298     46  339.5  339.6  339.5
  200.0  12310  -57.7  -67.7     27   0.02    300     47  341.2  341.3  341.2
  196.0  12437  -58.9  -69.9     23   0.02    303     44  341.3  341.4  341.3
  194.2  12497  -58.8  -69.8     23   0.02    305     43  342.4  342.4  342.4
  192.0  12567  -58.7  -69.7     23   0.02    300     43  343.6  343.7  343.6
  184.9  12802  -60.1  -72.9     17   0.01    285     45  345.1  345.1  345.1
  184.0  12834  -60.3  -73.3     17   0.01    285     44  345.2  345.3  345.2
  179.0  13006  -59.3  -74.3     13   0.01    288     48  349.6  349.6  349.6
  176.2  13106  -59.5  -75.0     12   0.01    290     50  350.9  351.0  350.9
  159.8  13716  -60.4  -79.0      7   0.00    290     42  359.3  359.3  359.3
  158.0  13787  -60.5  -79.5      7   0.00    287     42  360.3  360.3  360.3
  152.2  14021  -61.5  -81.2      6   0.00    275     44  362.4  362.4  362.4
  150.0  14110  -61.9  -81.9      5   0.00    275     44  363.2  363.3  363.2
  147.0  14235  -61.3  -82.3      5   0.00    278     44  366.4  366.4  366.4
  138.0  14625  -63.3  -84.3      4   0.00    289     44  369.5  369.6  369.5
  135.0  14760  -62.9  -83.9      4   0.00    292     43  372.6  372.6  372.6
  129.0  15039  -64.7  -84.7      5   0.00    300     43  374.2  374.2  374.2
  124.8  15240  -64.4  -85.1      4   0.00    305     43  378.3  378.3  378.3
  118.0  15584  -63.9  -85.9      4   0.00    300     34  385.3  385.4  385.3
  103.0  16412  -66.5  -89.5      3   0.00    288     11  395.6  395.6  395.6
  100.0  16590  -68.1  -89.1      4   0.00    285      6  395.9  395.9  395.9
   91.1  17144  -71.1  -90.1      5   0.00    310      3  400.6  400.6  400.6
   89.9  17223  -69.5  -89.5      4   0.00    314      3  405.3  405.3  405.3
   76.0  18223  -69.3  -90.3      3   0.00      7      9  425.7  425.7  425.7
   75.2  18288  -67.8  -89.5      3   0.00     10      9  430.2  430.2  430.2
   74.8  18318  -67.1  -89.1      3   0.00     18      9  432.2  432.2  432.2
   71.2  18617  -64.7  -88.7      2   0.00    101      9  443.5  443.5  443.5
   70.0  18720  -65.1  -89.1      2   0.00    130      9  444.8  444.8  444.8
   64.7  19202  -64.5  -89.2      2   0.00      0      0  456.2  456.2  456.2
   62.8  19383  -64.3  -89.3      2   0.00    351      2  460.6  460.6  460.6
   58.2  19853  -59.9  -87.9      1   0.00    328      7  480.6  480.6  480.6
   55.8  20117  -60.1  -88.3      1   0.00    315     10  486.1  486.1  486.1
   53.1  20422  -60.3  -88.9      1   0.00      0     13  492.4  492.5  492.4
   50.6  20726  -60.5  -89.4      1   0.00     25     11  498.9  498.9  498.9
   50.0  20800  -60.5  -89.5      1   0.00     25     11  500.5  500.5  500.5
   48.8  20951  -60.7  -89.7      1   0.00     35     12  503.5  503.5  503.5
   45.9  21336  -59.7  -89.4      1   0.00     60     15  514.7  514.8  514.7
   41.7  21946  -58.1  -88.8      1   0.00    105      1  533.1  533.1  533.1
   36.7  22745  -56.1  -88.1      1   0.00     70     17  558.0  558.1  558.0
   36.0  22860  -56.5  -88.2      1   0.00     65     19  560.0  560.1  560.0
   34.1  23211  -57.5  -88.5      1   0.00     82     17  566.2  566.2  566.2
   32.7  23470  -55.3  -87.6      1   0.01     95     16  578.6  578.7  578.6
   32.0  23615  -54.1  -87.1      1   0.01    107     14  585.7  585.7  585.7
   31.2  23774  -54.1  -87.1      1   0.01    120     12  589.8  589.9  589.8
   30.4  23945  -54.1  -87.1      1   0.01    140      9  594.3  594.4  594.3
   30.0  24030  -52.9  -85.9      1   0.01    150      8  599.8  599.9  599.8
   28.4  24384  -50.6  -84.4      1   0.01      0      0  615.7  615.8  615.7
   28.1  24455  -50.1  -84.1      1   0.01      4      1  618.9  619.0  618.9
   25.7  25039  -50.5  -84.5      1   0.01     39     11  633.8  633.9  633.8
   24.7  25298  -51.7  -85.1      1   0.01     55     15  637.7  637.8  637.7
   24.0  25484  -52.5  -85.5      1   0.01     58     14  640.5  640.6  640.5
   22.3  25960  -52.1  -85.1      1   0.01     65     10  655.2  655.4  655.2
   20.9  26381  -50.9  -84.9      1   0.01     71      7  671.1  671.3  671.1
   20.0  26670  -48.5  -82.5      1   0.02     75      5  687.0  687.2  687.0
   19.0  27009  -46.1  -81.1      1   0.03    105      9  704.5  704.9  704.5
   18.7  27127  -46.2  -81.2      1   0.03    115     11  707.7  708.0  707.7
   18.5  27185  -46.3  -81.3      1   0.03    121     11  709.3  709.6  709.3
   18.2  27294  -44.3  -80.3      1   0.04    131     10  718.9  719.3  718.9
   17.8  27432  -44.4  -80.2      1   0.04    145      9  723.0  723.4  723.0
   15.6  28324  -44.7  -79.7      1   0.05    104     11  750.0  750.5  750.0
   15.1  28541  -46.1  -81.1      1   0.04     94     11  752.3  752.8  752.4
   14.2  28956  -44.6  -80.2      1   0.05     75     12  770.8  771.4  770.9
   12.2  29972  -40.9  -77.9      1   0.08     42      3  817.9  818.8  818.0
   11.8  30175  -41.1  -77.9      1   0.08     35      1  824.1  825.1  824.2
   11.3  30480  -41.5  -77.9      1   0.08     35      4  833.6  834.6  833.6
   10.7  30861  -41.9  -77.9      1   0.09     38     12  845.5  846.6  845.5
   10.3  31090  -41.0  -77.5      1   0.10     40     17  857.0  858.2  857.1
   10.0  31320  -40.1  -77.1      1   0.11     35     20  868.7  870.1  868.8
    9.9  31394  -40.0  -77.0      1   0.11     40     17  871.7  873.1  871.7
    9.7  31528  -39.9  -76.9      1   0.11     50     19  877.1  878.5  877.1
    9.0  32004  -41.4  -77.5      1   0.11     85     27  889.2  890.6  889.2
    8.9  32113  -41.7  -77.7      1   0.11     85     26  892.0  893.4  892.0
    8.1  32753  -40.9  -77.9      1   0.12     85     20  919.5  921.0  919.5
    7.9  32918  -39.5  -77.0      1   0.14     85     19  931.5  933.4  931.6
    7.7  33099  -37.9  -75.9      1   0.17                944.9  947.2  945.0

